2.444637893672399898e+01
1.290042368713531573e+01
3.956876220797792776e+00
9.445901673857029834e+00
7.781951501675802518e+00
1.237518749033999832e+00
1.147650969563785495e+01
2.106769234637848953e+01
9.156514033824947774e+00
1.889877743913838160e+01
1.699485445871015799e+01
1.982183122724020663e+01
1.363658237305001819e+01
8.439614389154709073e+00
1.226418499087893110e+01
7.834211794417871744e+00
1.511662782060205146e+01
1.054273965426634874e+01
5.898960123913639109e+00
5.630976988828328089e+00
4.019312013854952070e+00
4.403154003918662518e+00
2.475077314844516962e+01
7.564197951370784878e+00
2.436281189114620105e+01
2.426336905612687644e+01
1.753525503652719308e+00
1.368497625134294360e+01
4.959762000244345437e+00
2.172217431572426349e+01
7.390466679330208954e+00
1.955167641417318691e+00
2.356727140272601417e+01
5.466144842134511350e+00
3.749567033432394503e+00
1.891174235399980930e+01
1.444808179711465712e+01
1.285899871870287647e+01
1.120859340839788842e+01
6.783808136523338916e+00
1.104541636381463832e+01
4.855446585990577546e+00
7.779011745338870298e+00
1.618134976274404835e+01
1.333466343141357413e+01
1.457706845097338366e+01
1.591569151756160849e+01
1.601500134136971454e+01
7.232654295269765221e+00
1.968131225928764749e+01
2.118515626621817916e+00
2.145890967031157004e+01
1.239060487014761236e+01
2.787945449575297552e+00
2.299467866250822112e+01
7.918264252433623085e+00
1.860272523233996367e+01
5.854777621673675547e+00
8.356931628671738110e+00
7.068584726802838780e+00
2.002938327704683630e+01
5.999843980405370480e+00
2.075214232054765517e+01
1.311920431084646310e+01
1.971490202341660947e+01
2.086831136210099658e+01
2.269162256988235882e+01
1.848151049214764186e+01
2.389403078111978473e+01
1.568261398358693981e+01
7.221871915666875807e+00
1.419883051404449148e+01
4.657896185088969077e+00
2.261358260013190069e+00
6.261891563606062583e+00
2.182884277784464189e+01
2.052328322458943433e+01
1.960762010172469871e+01
1.719269766247543885e+01
1.807597328450962593e+01
1.670747545863443051e+01
2.021897378162258008e+01
9.538129232449225725e+00
1.627768809873308342e+01
1.196834404964074139e+01
2.885969758133269281e+00
2.138579006247736203e+01
2.018035933501757739e+01
6.160652845731737770e+00
2.305675843993986973e+01
9.584085435060032410e+00
2.179130141364073125e+01
1.104673885340488404e+01
2.077078364937142041e+00
1.412199429488178026e+01
5.260218829836896148e+00
5.650511442396134676e+00
1.498375170730055927e+01
2.301545360347591895e+01
1.747969216623092592e+01
