9.912273939200737516e-01
9.928710394675602791e-01
9.897738215050060351e-01
9.935166511402322431e-01
9.834761164046101900e-01
9.948920268687085899e-01
9.816827811810833193e-01
9.922579705975007602e-01
9.924884782835518005e-01
9.865377693200617637e-01
9.905153149858214601e-01
9.871018639285834562e-01
9.931561327030161701e-01
9.927868955262397765e-01
9.881852506384319890e-01
9.936036945498084583e-01
9.946039573514160459e-01
9.876560320712656216e-01
9.943595971006432555e-01
9.928500421141935872e-01
9.942792141397088779e-01
9.945780774480893482e-01
9.905157012309445674e-01
9.946944681323161008e-01
9.935891111120292996e-01
9.935938382794932133e-01
9.858564029396151840e-01
9.837446684348892800e-01
9.923787513371415958e-01
9.902173139067468322e-01
9.937370374059105727e-01
9.946799400898903576e-01
9.943722399147257862e-01
9.919665025926768243e-01
9.879966211393499398e-01
9.878226429178235124e-01
9.914787544820685694e-01
9.944445888021603563e-01
9.925363886847032857e-01
9.878860448252091420e-01
9.846545943249979116e-01
9.904966356461166743e-01
9.925203707876784076e-01
9.852020897956016432e-01
9.894798180765737028e-01
9.846134369542771658e-01
9.921905094699815519e-01
9.947306630060123167e-01
9.882784151133896522e-01
9.915392357302212911e-01
9.934390343342116569e-01
9.909830739160501167e-01
9.891660607265216898e-01
9.938532731873754855e-01
9.931042956663436172e-01
9.942010144068409438e-01
9.916372891906205522e-01
9.910063896588927612e-01
9.919892137748513861e-01
9.939060591887611817e-01
9.949086452533587588e-01
9.934730043995033677e-01
9.936454736545429212e-01
9.908825954027391525e-01
9.924996827095214913e-01
9.934743912870506177e-01
9.867556315635970243e-01
9.934059627171917262e-01
9.911827285914317498e-01
9.923411100771846183e-01
9.931694321920303548e-01
9.937711213799415022e-01
9.904177081005564043e-01
9.862829232972341043e-01
9.933940143330786121e-01
9.912901939972260656e-01
9.947741662182090217e-01
9.921414696071723105e-01
9.873026803771858262e-01
9.942158320347616041e-01
9.890637687944983103e-01
9.862080569397128071e-01
9.941351894651209165e-01
9.942285220748973140e-01
9.873588586883712548e-01
9.885047880331786496e-01
9.912324631008022635e-01
9.947873377598870359e-01
9.941981870079019679e-01
9.894255119545203314e-01
9.926108810076261779e-01
9.892490426222224631e-01
9.935943233506300265e-01
9.881907739141144731e-01
9.906125796692156760e-01
9.926597869524849127e-01
9.939486538515795999e-01
9.913670374878627012e-01
9.894337507947199573e-01
9.944645744686995137e-01
