9.916430363461612441e-01
9.943896152615084860e-01
9.842727262891779461e-01
9.854466650087582158e-01
9.913855080177967904e-01
9.925374372897848296e-01
9.947224019473474010e-01
9.896539390862140184e-01
9.942803934290014301e-01
9.934040486751306576e-01
9.941708236603985505e-01
9.851568241372073986e-01
9.862128391208726530e-01
9.821500429038639846e-01
9.902854479650944342e-01
9.892828697039641739e-01
9.947457601037487107e-01
9.830778101712374095e-01
9.939943520926605158e-01
9.949608707588191159e-01
9.931443020586262493e-01
9.863066583435893264e-01
9.942984897505940944e-01
9.918760942224357224e-01
9.948024076746423416e-01
9.860339917059024462e-01
9.918829341525581267e-01
9.927631145583249994e-01
9.821651052394491099e-01
9.942364797860012704e-01
9.931518114060279290e-01
9.902288440060228458e-01
9.949532702148030650e-01
9.935338775149179513e-01
9.844117951772970443e-01
9.938895671676787336e-01
9.933038695213850522e-01
9.828960966483472061e-01
9.837277498169569867e-01
9.928188852708945689e-01
9.907932724311524497e-01
9.941596878603882192e-01
9.837479560544102331e-01
9.859203483610301522e-01
9.927255464750466274e-01
9.949602977060444386e-01
9.946854818774476525e-01
9.936399912186566485e-01
9.864547960618996747e-01
9.948710215746633390e-01
9.904220191924830718e-01
9.947466210655487862e-01
9.893073789166625387e-01
9.899632633747883492e-01
9.918403109434226206e-01
9.914477745568485156e-01
9.943101224592271192e-01
9.865981334694771121e-01
9.930195074047013515e-01
9.812946699447333554e-01
9.887458892453561132e-01
9.855551968891907988e-01
9.893944274809955974e-01
9.949040453662123529e-01
9.898188066383927231e-01
9.884546407554595238e-01
9.930991707832430571e-01
9.947667650253639859e-01
9.948745607787405909e-01
9.937707764583231240e-01
9.886058622729759771e-01
9.844058760377184525e-01
9.950022850150638254e-01
9.943070078309432791e-01
9.936626160113963824e-01
9.893021936510223435e-01
9.924967298541468308e-01
9.942213105719684973e-01
9.934797987343017001e-01
9.824723057125060999e-01
9.934741399147056784e-01
9.817224409713676270e-01
9.881197723251615717e-01
9.944693091306857635e-01
9.847868591859705312e-01
9.943019804932138328e-01
9.904489532914865224e-01
9.905058771976016363e-01
9.913458573470950164e-01
9.910145775001876212e-01
9.927651421204511939e-01
9.942955385516879518e-01
9.915354884653935219e-01
9.930735180864290745e-01
9.939100087139111084e-01
9.914137313532076501e-01
9.932334163593682375e-01
9.919854102919901662e-01
9.880867455505553121e-01
9.813865716978301679e-01
